  7.588830
  3.266880
  2.683680
  2.239850
  1.961690
  1.695540
  1.546240
  1.507480
  1.320520
  1.343660
  1.316090
  1.312090
  1.013430
  1.112050
  1.084070
  0.876599
  0.828046
  1.029750
  0.830218
  0.799167
  0.744190
  0.683286
  0.608929
  0.627848
  0.653386
  0.523898
  0.587501
  0.553814
  0.647662
  0.540885
  0.514385
  0.505743
  0.532351
  0.539515
  0.520112
  0.508933
  0.507126
  0.549709
  0.384701
  0.330518
  0.476171
  0.446659
  0.416109
  0.290200
  0.311060
  0.336870
  0.304010
  0.350706
  0.352390
  0.424138
  0.345631
  0.247398
  0.272709
  0.430320
  0.392289
  0.326271
  0.232764
  0.395802
  0.377269
  0.231905
  0.362310
  0.257731
  0.261863
  0.301907
  0.292907
  0.223710
  0.258043
  0.304094
  0.281511
  0.301028
  0.328084
  0.512523
  0.288089
  0.323582
  0.219443
  0.224448
  0.239386
  0.214894
  0.296279
  0.296534
  0.282789
  0.340613
  0.367543
  0.391044
  0.181258
  0.285869
  0.252920
  0.340415
  0.334675
  0.318571
  0.215895
  0.223766
  0.313673
  0.226518
  0.314896
  0.275675
  0.166809
  0.266362
  0.346986
  0.273524
  0.214340
  0.238833
  0.151266
  0.185238
  0.324951
  0.181322
  0.259133
  0.237775
  0.209238
  0.219364
  0.227815
  0.198444
  0.183924
  0.210853
  0.235763
  0.131694
  0.199971
  0.260270
  0.117404
  0.227324
  0.145633
  0.319908
  0.103507
  0.196380
  0.165377
  0.165718
  0.180183
  0.160461
  0.225126
  0.209974
  0.109860
  0.232814
  0.098341
  0.140623
  0.249243
  0.158435
  0.243226
  0.152956
  0.174553
  0.106249
  0.208076
  0.231372
  0.214861
  0.152997
  0.170441
  0.139839
  0.234714
  0.229143
  0.177240
  0.308725
  0.118296
  0.132673
  0.208310
  0.101872
  0.068095
  0.207554
  0.176748
  0.197195
  0.171934
  0.197007
  0.181190
  0.278476
  0.117480
  0.128174
  0.102580
  0.095140
  0.208882
  0.131048
  0.207112
  0.131596
  0.246020
  0.093999
  0.090573
  0.124680
  0.129896
  0.099290
  0.147449
  0.098483
  0.150153
  0.193685
  0.156469
  0.119786
  0.217194
  0.116459
  0.105336
  0.103135
  0.096158
  0.092900
  0.107060
  0.089389
  0.074926
  0.193819
  0.137742
  0.122518
  0.127711
  0.174470
  0.094442
  0.121002
  0.103733
  0.087003
  0.077328
  0.080511
  0.159263
  0.198140
  0.175886
  0.264680
  0.118115
  0.130707
  0.120762
  0.189045
  0.147264
  0.132327
  0.159990
  0.144380
  0.100222
  0.075790
  0.089156
  0.122599
  0.174604
  0.157797
  0.067339
  0.114855
  0.082670
  0.112464
  0.145700
  0.122949
  0.172980
  0.167271
  0.066068
  0.131509
  0.109180
  0.108426
  0.089107
  0.094904
  0.128057
  0.125490
  0.158680
  0.073152
  0.106722
  0.089055
  0.065726
  0.092974
  0.086913
  0.185117
  0.099127
  0.146888
  0.052549
  0.055766
  0.098127
  0.143804
  0.154036
  0.092575
  0.080143
  0.124304
  0.109231
  0.108001
  0.111760
  0.100413
  0.046576
  0.060676
  0.082132
  0.107553
  0.068349
  0.092175
  0.117505
  0.102933
  0.106355
  0.181703
  0.074785
  0.176719
  0.169757
  0.105725
  0.052506
  0.096338
  0.108456
  0.114969
  0.063010
  0.050058
  0.063788
  0.065403
  0.099532
  0.084299
  0.122039
  0.066188
  0.105577
  0.117094
  0.074913
  0.139983
  0.135878
  0.075196
  0.151217
  0.058814
  0.075971
  0.131588
  0.095894
  0.086562
  0.095084
  0.104423
  0.069150
  0.065221
  0.048770
  0.084954
  0.094473
  0.097950
  0.042173
  0.080986
  0.061606
  0.094152
  0.119375
  0.075693
  0.122427
  0.086975
  0.068896
  0.036216
  0.128075
  0.100530
  0.068628
  0.094491
  0.132682
  0.083429
  0.062348
  0.103816
  0.054565
  0.077120
  0.074149
  0.057156
  0.057632
  0.074813
  0.087910
  0.077515
  0.067289
  0.149480
  0.060206
  0.048529
  0.060808
  0.091961
  0.085332
  0.058609
  0.041870
  0.062879
  0.084643
  0.057336
  0.058752
  0.085293
  0.057576
  0.059013
  0.096760
  0.153048
  0.045901
  0.072577
  0.094256
  0.061139
  0.073803
  0.053906
  0.077152
  0.064231
  0.041279
  0.089668
  0.142813
  0.050239
  0.082354
  0.110973
  0.035533
  0.058938
  0.045882
  0.083275
  0.122933
  0.039570
  0.060046
  0.092175
  0.059453
  0.104168
  0.051730
  0.036866
  0.053917
  0.063934
  0.053699
  0.092396
  0.044897
  0.060073
  0.158397
  0.188684
  0.089901
  0.033171
  0.054071
  0.055040
  0.066307
  0.068823
  0.066222
  0.109628
  0.135308
  0.069898
  0.107654
  0.035725
  0.056419
  0.050622
  0.066019
  0.075449
  0.087080
  0.134528
  0.061710
  0.045033
  0.046089
  0.056381
  0.046556
  0.037727
  0.084308
  0.066126
  0.205947
  0.040916
  0.107913
  0.124595
  0.113010
  0.063939
  0.039744
  0.119272
  0.037630
  0.067873
  0.084443
  0.075153
  0.099460
  0.079093
  0.076183
  0.034516
  0.045970
  0.064164
  0.041627
  0.057687
  0.073492
  0.059046
  0.095416
  0.071879
  0.089496
  0.052876
  0.049930
  0.055203
  0.112372
  0.103736
  0.063396
  0.054373
  0.100931
  0.030388
  0.066324
  0.073250
  0.195491
  0.097484
  0.053037
  0.087623
  0.090516
  0.183306
  0.040762
  0.132021
  0.066793
  0.080619
  0.053116
  0.088877
  0.070424
  0.057408
  0.092020
  0.081324
  0.065127
  0.035839
  0.054899
  0.057843
  0.072054
  0.081786
  0.074404
  0.038698
  0.045628
  0.049542
  0.042406
  0.057961
  0.102788
  0.092711
  0.165001
  0.075343
  0.145252
  0.059395
  0.083008
  0.065933
  0.038990
  0.079493
  0.033506
  0.057125
  0.089071
  0.040719
  0.042988
  0.062933
  0.088010
  0.168126
  0.049562
  0.067396
  0.093985
  0.048090
  0.055986
  0.034436
  0.078204
  0.047167
  0.047939
  0.061547
  0.162280
  0.064457
  0.102877
  0.100151
  0.045235
  0.080575
  0.046453
  0.083606
  0.038965
  0.080205
  0.074514
  0.040918
  0.082604
  0.051204
  0.030846
  0.069468
  0.046187
  0.043540
  0.064668
  0.037056
  0.056856
  0.064202
  0.099960
  0.090355
  0.052400
  0.083793
  0.086657
  0.072729
  0.060016
  0.064220
  0.098963
  0.087819
  0.032574
  0.055384
  0.082321
  0.090955
  0.071076
  0.082323
  0.147274
  0.082866
  0.099156
  0.079694
  0.104483
  0.046793
  0.048534
  0.047459
  0.110672
  0.051627
  0.067881
  0.055154
  0.032210
  0.062590
  0.154619
  0.089060
  0.114292
  0.116353
  0.078116
  0.074390
  0.123727
  0.063148
  0.067050
  0.067133
  0.114386
  0.081710
  0.035853
  0.164173
  0.097804
  0.050049
  0.137669
  0.091853
  0.073531
  0.042031
  0.081049
  0.085394
  0.082034
  0.152492
  0.080014
  0.095720
  0.035107
  0.119388
  0.056929
  0.095598
  0.052539
  0.038046
  0.086583
  0.076552
  0.110198
  0.044619
  0.063239
  0.132718
  0.082978
  0.158436
  0.086355
  0.063855
  0.051773
  0.048951
  0.072607
  0.086595
  0.055053
  0.061140
  0.070517
  0.042358
  0.038613
  0.090679
  0.056178
  0.121740
  0.090187
  0.039894
  0.120848
  0.086663
  0.087983
  0.036865
  0.071354
  0.104015
  0.056634
  0.097758
  0.036745
  0.028638
  0.070351
  0.049613
  0.047072
  0.048592
  0.106710
  0.057375
  0.068192
  0.043704
  0.067700
  0.071457
  0.051810
  0.080162
  0.044436
  0.057016
  0.110303
  0.093380
  0.039346
  0.114823
  0.083229
  0.070857
  0.083372
  0.084430
  0.030206
  0.038108
  0.075970
  0.051511
  0.058389
  0.045371
  0.060150
  0.052522
  0.042969
  0.204539
  0.044733
  0.042166
  0.069787
  0.059157
  0.064236
  0.075317
  0.090983
  0.039819
  0.076895
  0.062601
  0.069265
  0.105336
  0.070079
  0.048017
  0.055864
  0.063478
  0.065960
  0.091846
  0.081091
  0.106558
  0.066063
  0.059643
  0.052436
  0.043428
  0.036599
  0.035907
  0.140129
  0.147138
  0.073741
  0.050412
  0.044089
  0.061999
  0.070641
  0.086196
  0.081657
  0.072022
  0.052220
  0.065943
  0.045856
  0.026391
  0.029331
  0.095502
  0.042625
  0.084904
  0.055990
  0.039193
  0.084047
  0.035257
  0.088642
  0.103718
  0.058947
  0.057362
  0.079245
  0.057560
  0.135150
  0.035071
  0.078720
  0.113614
  0.083242
  0.036287
  0.038519
  0.077332
  0.052387
  0.083990
  0.077936
  0.073069
  0.099172
  0.121640
  0.052676
  0.053491
  0.028957
  0.053421
  0.127071
  0.068729
  0.094037
  0.096679
  0.054178
  0.085632
  0.041706
  0.075772
  0.045250
  0.072465
  0.118757
  0.068130
  0.063861
  0.042775
  0.037057
  0.153684
  0.052122
  0.101367
  0.132571
  0.031862
  0.080688
  0.061661
  0.065869
  0.137375
  0.057637
  0.033221
  0.101639
  0.101901
  0.056533
  0.044189
  0.031688
  0.022145
  0.152968
  0.036379
  0.059632
  0.073096
  0.110237
  0.054574
  0.142443
  0.067949
  0.060870
  0.032672
  0.091440
  0.054143
  0.071299
  0.048055
  0.257809
  0.075775
  0.058113
  0.071409
  0.063186
  0.073933
  0.076868
  0.061173
  0.091002
  0.039038
  0.065647
  0.065355
  0.063331
  0.062437
  0.066565
  0.067493
  0.035706
  0.028184
  0.037863
  0.034269
  0.058137
  0.107301
  0.068287
  0.071502
  0.077056
  0.039770
  0.067946
  0.061843
  0.034622
  0.078228
  0.084599
  0.083085
  0.072791
  0.034548
  0.030941
  0.078870
  0.144460
  0.073018
  0.097536
  0.079602
  0.123863
  0.073085
  0.084605
  0.117755
  0.171573
  0.070459
  0.033083
  0.078507
  0.051658
  0.192952
  0.066037
  0.088631
  0.090560
  0.114261
  0.087506
  0.078280
  0.086259
  0.064421
  0.055573
  0.069689
  0.064548
  0.044410
  0.047945
  0.096458
  0.020140
  0.051145
  0.058770
  0.074616
  0.047540
  0.065372
  0.017337
  0.047348
  0.077080
  0.027884
  0.050354
  0.082301
  0.058150
  0.083745
  0.052274
  0.080794
  0.126986
  0.104967
  0.094839
  0.072424
  0.095123
  0.033032
  0.039115
  0.062383
  0.053013
  0.099802
  0.069745
  0.061795
  0.115939
  0.059841
  0.093249
  0.122795
  0.026289
  0.082817
  0.135410
  0.065654
  0.066678
  0.032001
  0.027397
  0.085448
  0.134186
  0.096426
  0.089332
  0.037128
  0.038760
  0.031100
  0.063759
  0.077528
  0.039124
  0.052770
  0.047947
  0.084420
  0.035140
  0.067207
  0.044633
  0.091153
  0.120293
  0.044307
  0.053506
  0.063353
  0.035143
  0.138793
  0.056946
  0.050096
  0.062023
  0.038985
  0.058066
  0.037824
  0.082971
  0.022465
  0.052898
  0.061153
  0.086475
  0.051379
  0.053356
  0.072082
  0.105426
  0.043212
  0.051399
  0.039408
  0.082965
  0.038708
  0.090772
  0.062092
  0.142670
  0.023557
  0.036814
  0.053620
  0.088135
  0.054669
  0.036837
  0.041279
  0.065127
  0.033307
  0.056673
  0.069862
  0.051212
  0.076174
  0.073053
  0.050416
  0.056841
  0.083691
  0.034242
  0.103138
  0.112956
  0.034100
  0.056752
  0.074826
  0.045682
  0.044174
  0.035867
  0.085361
  0.219581
  0.036867
  0.042597
  0.056156
  0.052435
  0.084919
  0.026344
  0.075522
  0.073386
  0.070809
  0.195880
  0.053500
  0.035803
  0.100269
  0.081623
  0.063174
  0.081298
  0.090558
  0.067885
  0.184742
  0.044142
  0.046476
  0.053267
  0.123642
  0.052144
  0.044278
  0.048539
  0.058552
  0.068835
  0.054561
  0.051076
  0.114102
  0.033539
  0.116641
  0.051302
  0.048256
  0.103364
  0.074253
  0.088914
  0.077210
  0.025474
  0.073442
  0.041089
  0.074205
  0.065585
  0.082891
  0.160149
  0.030712
  0.078800
  0.044857
  0.043865
  0.121540
  0.038811
  0.066779
  0.076662
  0.063594
